
===================== Span-Based Correction ======================
Category       TP       FP       FN       P        R        F0.5
ADJ            1        13       5        0.0714   0.1667   0.0806
ADJ:FORM       0        1        2        0.0      0.0      0.0
ADV            1        16       8        0.0588   0.1111   0.0649
CONJ           0        15       1        0.0      0.0      0.0
CONTR          0        2        0        0.0      1.0      0.0
DET            21       43       52       0.3281   0.2877   0.3191
MORPH          6        14       5        0.3      0.5455   0.3297
NOUN           3        95       20       0.0306   0.1304   0.0361
NOUN:INFL      0        0        1        1.0      0.0      0.0
NOUN:NUM       8        19       17       0.2963   0.32     0.3008
NOUN:POSS      0        0        2        1.0      0.0      0.0
ORTH           7        251      12       0.0271   0.3684   0.0333
OTHER          9        243      63       0.0357   0.125    0.0417
PART           7        2        1        0.7778   0.875    0.7955
PREP           26       37       23       0.4127   0.5306   0.4319
PRON           7        15       15       0.3182   0.3182   0.3182
PUNCT          4        48       66       0.0769   0.0571   0.0719
SPELL          10       10       11       0.5      0.4762   0.495
VERB           10       32       33       0.2381   0.2326   0.237
VERB:FORM      18       20       12       0.4737   0.6      0.4945
VERB:SVA       12       8        6        0.6      0.6667   0.6122
VERB:TENSE     13       15       28       0.4643   0.3171   0.4248
WO             0        1        7        0.0      0.0      0.0

=========== Span-Based Correction ============
TP	FP	FN	Prec	Rec	F0.5
163	900	390	0.1533	0.2948	0.1696
==============================================

