
===================== Span-Based Correction ======================
Category       TP       FP       FN       P        R        F0.5
ADJ            1        28       5        0.0345   0.1667   0.041
ADJ:FORM       0        1        2        0.0      0.0      0.0
ADV            2        18       7        0.1      0.2222   0.1124
CONJ           0        6        1        0.0      0.0      0.0
CONTR          0        5        0        0.0      1.0      0.0
DET            14       29       59       0.3256   0.1918   0.2857
MORPH          3        16       8        0.1579   0.2727   0.1724
NOUN           0        80       23       0.0      0.0      0.0
NOUN:INFL      0        0        1        1.0      0.0      0.0
NOUN:NUM       9        16       16       0.36     0.36     0.36
NOUN:POSS      0        0        2        1.0      0.0      0.0
ORTH           7        251      12       0.0271   0.3684   0.0333
OTHER          6        243      66       0.0241   0.0833   0.0281
PART           3        3        5        0.5      0.375    0.4688
PREP           15       38       34       0.283    0.3061   0.2874
PRON           6        12       16       0.3333   0.2727   0.3191
PUNCT          1        36       69       0.027    0.0143   0.0229
SPELL          9        15       12       0.375    0.4286   0.3846
VERB           7        47       36       0.1296   0.1628   0.1351
VERB:FORM      15       19       15       0.4412   0.5      0.4518
VERB:SVA       11       8        7        0.5789   0.6111   0.5851
VERB:TENSE     11       14       30       0.44     0.2683   0.3901
WO             1        2        6        0.3333   0.1429   0.2632

=========== Span-Based Correction ============
TP	FP	FN	Prec	Rec	F0.5
121	887	432	0.12	0.2188	0.132
==============================================

