
===================== Span-Based Correction ======================
Category       TP       FP       FN       P        R        F0.5
ADJ            1        10       5        0.0909   0.1667   0.1
ADJ:FORM       0        1        2        0.0      0.0      0.0
ADV            0        11       9        0.0      0.0      0.0
CONJ           1        8        0        0.1111   1.0      0.1351
CONTR          0        4        0        0.0      1.0      0.0
DET            27       21       46       0.5625   0.3699   0.5094
MORPH          5        9        6        0.3571   0.4545   0.3731
NOUN           3        78       20       0.037    0.1304   0.0432
NOUN:INFL      0        0        1        1.0      0.0      0.0
NOUN:NUM       8        12       17       0.4      0.32     0.381
NOUN:POSS      0        0        2        1.0      0.0      0.0
ORTH           7        278      12       0.0246   0.3684   0.0302
OTHER          12       159      60       0.0702   0.1667   0.0794
PART           6        0        2        1.0      0.75     0.9375
PREP           24       27       25       0.4706   0.4898   0.4743
PRON           10       14       12       0.4167   0.4545   0.4237
PUNCT          4        41       66       0.0889   0.0571   0.08
SPELL          11       11       10       0.5      0.5238   0.5046
VERB           9        16       34       0.36     0.2093   0.3147
VERB:FORM      20       11       10       0.6452   0.6667   0.6494
VERB:SVA       12       5        6        0.7059   0.6667   0.6977
VERB:TENSE     18       8        23       0.6923   0.439    0.6207
WO             3        0        4        1.0      0.4286   0.7895

=========== Span-Based Correction ============
TP	FP	FN	Prec	Rec	F0.5
181	724	372	0.2	0.3273	0.2169
==============================================

